1.550000
2.180000
2.800000
0.000000
4.540000
0.000000
0.000000
0.000000
5.880000
0.000000
0.000000
0.000000
0.000000
0.000000
0.000000
0.000000
0.690000
0.000000
0.730000
0.000000
0.000000
0.000000
0.000000
0.000000
0.000000
0.000000
0.000000
0.000000
0.000000
0.000000
0.000000
0.000000
0.030000
0.000000
1.020000
0.000000
2.410000
0.000000
3.020000
3.690000
7.160000
0.000000
0.000000
0.000000
0.000000
0.000000
0.000000
0.000000
0.080000
0.660000
0.000000
0.000000
0.760000
0.000000
1.070000
2.020000
2.670000
5.500000
6.580000
9.530000
0.000000
0.000000
0.000000
0.000000
0.680000
0.000000
1.130000
1.690000
0.000000
0.000000
1.900000
0.000000
3.670000
4.670000
9.330000
0.000000
0.000000
0.000000
0.000000
0.000000
0.100000
1.310000
0.000000
0.000000
0.000000
3.320000
3.450000
0.000000
4.280000
9.470000
0.000000
0.000000
0.000000
0.000000
0.000000
0.000000
0.180000
0.560000
1.180000
0.000000
0.000000
0.000000
0.000000
0.000000
1.440000
2.230000
0.000000
3.100000
5.250000
0.000000
0.000000
0.000000
0.250000
0.000000
0.940000
1.020000
0.000000
4.490000
0.000000
4.550000
4.770000
0.000000
0.000000
0.000000
0.000000
0.000000
0.000000
0.000000
0.030000
1.100000
0.000000
1.200000
2.380000
2.790000
3.370000
4.050000
4.930000
0.000000
0.000000
0.000000
0.000000
0.000000
0.000000
0.000000
0.010000
0.000000
0.000000
0.000000
0.000000
0.000000
0.000000
0.000000
0.000000
0.000000
0.000000
0.000000
0.000000
0.000000
0.000000
0.000000
1.510000
3.830000
5.510000
0.000000
0.000000
0.000000
5.910000
6.310000
6.680000
7.670000
0.000000
0.000000
0.000000
0.000000
0.000000
0.000000
0.010000
0.000000
0.000000
0.000000
3.110000
4.120000
4.570000
5.260000
9.420000
0.000000
0.000000
0.000000
0.000000
0.000000
0.000000
0.000000
0.450000
0.550000
0.000000
0.000000
0.000000
0.000000
0.000000
0.000000
0.000000
0.000000
0.000000
0.000000
0.000000
0.000000
0.000000
0.000000
0.690000
1.120000
1.520000
1.990000
0.000000
0.000000
2.180000
2.190000
3.150000
4.110000
0.000000
0.000000
0.000000
0.000000
0.000000
0.000000
0.640000
0.950000
1.280000
0.000000
3.450000
3.460000
0.000000
5.050000
0.000000
0.000000
0.000000
0.000000
0.000000
0.000000
0.000000
0.000000
0.360000
0.000000
1.900000
0.000000
0.000000
0.000000
1.980000
0.000000
3.520000
3.730000
5.190000
5.430000
0.000000
0.000000
0.000000
0.000000
0.200000
0.000000
0.000000
0.000000
0.000000
0.000000
0.000000
0.000000
0.000000
0.000000
0.000000
0.000000
0.000000
0.000000
0.000000
0.000000
0.660000
1.180000
0.000000
1.240000
0.000000
3.860000
0.000000
0.000000
3.900000
7.930000
8.020000
0.000000
0.000000
0.000000
0.000000
0.000000
0.390000
0.820000
0.000000
1.670000
1.680000
0.000000
2.560000
2.650000
5.940000
0.000000
0.000000
0.000000
0.000000
0.000000
0.000000
0.000000
2.080000
0.000000
2.610000
0.000000
2.650000
4.190000
4.750000
0.000000
5.750000
0.000000
6.890000
7.840000
0.000000
0.000000
0.000000
0.000000
0.350000
0.410000
0.520000
0.960000
1.860000
3.250000
3.770000
3.870000
9.510000
0.000000
0.000000
0.000000
0.000000
0.000000
0.000000
0.000000
0.310000
0.000000
0.000000
0.000000
1.390000
0.000000
0.000000
0.000000
2.770000
0.000000
0.000000
0.000000
0.000000
0.000000
0.000000
0.000000
0.100000
0.840000
0.000000
0.000000
0.000000
0.000000
0.000000
0.000000
0.000000
0.000000
0.000000
0.000000
0.000000
0.000000
0.000000
0.000000
0.140000
0.420000
0.000000
0.000000
1.460000
0.000000
2.070000
0.000000
2.830000
0.000000
0.000000
0.000000
0.000000
0.000000
0.000000
0.000000
0.870000
0.000000
2.350000
0.000000
0.000000
0.000000
2.410000
0.000000
5.830000
0.000000
0.000000
0.000000
0.000000
0.000000
0.000000
0.000000
0.150000
0.000000
0.260000
0.340000
0.570000
0.000000
0.760000
1.800000
6.820000
8.890000
0.000000
0.000000
0.000000
0.000000
0.000000
0.000000
0.120000
0.960000
1.180000
1.920000
0.000000
0.000000
4.180000
4.350000
6.790000
0.000000
0.000000
0.000000
0.000000
0.000000
0.000000
0.000000
0.070000
0.000000
0.000000
0.000000
0.230000
0.000000
0.000000
0.000000
1.880000
0.000000
9.690000
0.000000
0.000000
0.000000
0.000000
0.000000
3.080000
0.000000
3.120000
0.000000
3.150000
0.000000
0.000000
0.000000
3.340000
0.000000
4.870000
0.000000
0.000000
0.000000
0.000000
0.000000
0.750000
0.000000
1.960000
2.590000
2.780000
3.860000
4.770000
6.440000
7.670000
0.000000
0.000000
0.000000
0.000000
0.000000
0.000000
0.000000
1.380000
0.000000
1.450000
0.000000
0.000000
0.000000
0.000000
0.000000
5.810000
7.330000
7.390000
0.000000
0.000000
0.000000
0.000000
0.000000
0.310000
0.440000
0.690000
1.010000
2.930000
3.220000
5.510000
5.740000
8.010000
0.000000
0.000000
0.000000
0.000000
0.000000
0.000000
0.000000
0.740000
1.900000
2.220000
2.880000
0.000000
0.000000
0.000000
0.000000
3.390000
0.000000
0.000000
0.000000
0.000000
0.000000
0.000000
0.000000
0.150000
0.000000
0.220000
0.000000
0.000000
0.000000
0.000000
0.000000
0.000000
0.000000
0.000000
0.000000
0.000000
0.000000
0.000000
0.000000
0.670000
0.000000
0.000000
0.000000
0.000000
0.000000
0.000000
0.000000
2.250000
5.400000
0.000000
0.000000
0.000000
0.000000
0.000000
0.000000
0.030000
0.400000
1.950000
2.520000
2.550000
2.780000
3.790000
4.830000
5.350000
0.000000
0.000000
0.000000
0.000000
0.000000
0.000000
0.000000
0.590000
0.000000
0.000000
0.000000
1.300000
0.000000
0.000000
0.000000
2.620000
4.400000
0.000000
0.000000
0.000000
0.000000
0.000000
0.000000
0.130000
2.210000
0.000000
0.000000
3.740000
4.700000
0.000000
0.000000
0.000000
0.000000
0.000000
0.000000
0.000000
0.000000
0.000000
0.000000
0.600000
1.510000
0.000000
2.960000
3.460000
0.000000
0.000000
0.000000
4.400000
5.200000
0.000000
6.310000
0.000000
8.630000
8.970000
0.000000
2.430000
0.000000
0.000000
0.000000
0.000000
0.000000
0.000000
0.000000
0.000000
0.000000
0.000000
0.000000
0.000000
0.000000
0.000000
0.000000
0.240000
0.000000
0.840000
0.000000
1.660000
2.390000
2.630000
2.680000
2.810000
6.630000
0.000000
0.000000
0.000000
0.000000
0.000000
0.000000
0.560000
1.170000
0.000000
0.000000
0.000000
2.640000
0.000000
0.000000
5.890000
6.440000
0.000000
0.000000
0.000000
0.000000
0.000000
0.000000
0.030000
3.180000
3.480000
0.000000
0.000000
0.000000
0.000000
0.000000
4.810000
5.480000
0.000000
0.000000
5.580000
0.000000
0.000000
0.000000
1.200000
1.390000
0.000000
0.000000
0.000000
0.000000
0.000000
0.000000
3.510000
0.000000
4.350000
6.590000
0.000000
0.000000
0.000000
0.000000
0.100000
0.000000
0.000000
0.000000
0.000000
0.000000
0.000000
0.000000
0.000000
0.000000
0.000000
0.000000
0.000000
0.000000
0.000000
0.000000
0.030000
0.340000
0.000000
0.000000
0.390000
1.180000
1.410000
1.560000
2.360000
3.190000
9.370000
0.000000
0.000000
0.000000
0.000000
0.000000
0.570000
1.030000
0.000000
0.000000
0.000000
0.000000
0.000000
0.000000
0.000000
0.000000
0.000000
0.000000
0.000000
0.000000
0.000000
0.000000
0.910000
0.000000
0.000000
0.000000
1.560000
2.330000
2.420000
2.820000
3.490000
0.000000
6.430000
0.000000
0.000000
0.000000
0.000000
0.000000
1.470000
0.000000
0.000000
0.000000
2.020000
2.050000
0.000000
2.380000
2.450000
0.000000
4.310000
9.450000
0.000000
0.000000
0.000000
0.000000
0.180000
1.680000
0.000000
0.000000
0.000000
4.350000
0.000000
0.000000
0.000000
0.000000
0.000000
0.000000
0.000000
0.000000
0.000000
0.000000
0.560000
0.000000
1.270000
0.000000
1.320000
0.000000
2.370000
2.960000
3.510000
0.000000
0.000000
0.000000
0.000000
0.000000
0.000000
0.000000
0.880000
0.000000
1.240000
2.030000
3.830000
0.000000
0.000000
0.000000
0.000000
0.000000
0.000000
0.000000
0.000000
0.000000
0.000000
0.000000
0.090000
0.000000
0.130000
0.000000
0.290000
2.620000
4.940000
0.000000
7.880000
0.000000
0.000000
0.000000
0.000000
0.000000
0.000000
0.000000
0.370000
1.010000
1.920000
0.000000
0.000000
0.000000
0.000000
0.000000
0.000000
0.000000
0.000000
0.000000
0.000000
0.000000
0.000000
0.000000
0.000000
0.000000
0.000000
0.000000
0.380000
1.610000
0.000000
4.550000
4.690000
5.150000
9.660000
0.000000
0.000000
0.000000
0.000000
0.000000
0.240000
2.130000
2.810000
3.630000
0.000000
0.000000
4.100000
0.000000
4.230000
4.860000
7.560000
0.000000
0.000000
0.000000
0.000000
0.000000
1.080000
1.520000
0.000000
2.000000
2.180000
0.000000
2.400000
2.800000
3.880000
7.200000
0.000000
0.000000
0.000000
0.000000
0.000000
0.000000
0.290000
0.000000
0.000000
0.000000
1.200000
0.000000
1.330000
3.640000
5.210000
0.000000
0.000000
0.000000
0.000000
0.000000
0.000000
0.000000
2.510000
3.700000
0.000000
0.000000
0.000000
3.770000
5.020000
6.160000
6.850000
8.190000
0.000000
0.000000
0.000000
0.000000
0.000000
0.000000
0.870000
1.250000
0.000000
0.000000
0.000000
0.000000
0.000000
0.000000
0.000000
0.000000
0.000000
0.000000
0.000000
0.000000
0.000000
0.000000
0.330000
0.000000
0.910000
1.140000
0.000000
1.340000
0.000000
2.210000
2.380000
5.930000
0.000000
0.000000
0.000000
0.000000
0.000000
0.000000
1.830000
0.000000
0.000000
0.000000
3.250000
0.000000
0.000000
0.000000
5.000000
6.200000
6.800000
0.000000
0.000000
0.000000
0.000000
0.000000
2.290000
0.000000
2.530000
3.330000
0.000000
0.000000
0.000000
3.850000
0.000000
0.000000
0.000000
0.000000
0.000000
0.000000
0.000000
0.000000
0.510000
0.810000
0.000000
1.250000
0.000000
0.000000
0.000000
0.000000
1.610000
0.000000
0.000000
1.800000
4.450000
7.440000
0.000000
0.000000
